-0.353519 1
6292.23 6001
12585.7 12001
18879.1 18001
25172.6 24001
31466 30001
37759.5 36001
44053 42001
50346.4 48001
56639.9 54001
62933.3 60001
69226.8 66001
75520.2 72001
81813.7 78001
88107.1 84001
94400.6 90001
100694 96001
106988 102001
113281 108001
119574 114001
125868 120001
132161 126001
138455 132001
144748 138001
151042 144001
157335 150001
163629 156001
169922 162001
176216 168001
182509 174001
188802 180001
195096 186001
201389 192001
207683 198001
213976 204001
220270 210001
226563 216001
232857 222001
239150 228001
245444 234001
251737 240001
258030 246001
264324 252001
270617 258001
276911 264001
283204 270001
289498 276001
295791 282001
302085 288001
308378 294001
314672 300001
320965 306001
327258 312001
333552 318001
339845 324001
346139 330001
352432 336001
358726 342001
365019 348001
371313 354001
377606 360001
383900 366001
390193 372001
396486 378001
402780 384001
409073 390001
415367 396001
421660 402001
427954 408001
434247 414001
440541 420001
446834 426001
453128 432001
459421 438001
465714 444001
472008 450001
478301 456001
484595 462001
490888 468001
497182 474001
503475 480001
509769 486001
516062 492001
522356 498001
